 	 nombre_125 (78, 64)	
 [[159 161 163 ...,  20  38   5]
 [161 161 163 ...,  33  27   2]
 [162 158 162 ...,  28  30  10]
 ..., 
 [170 169 169 ...,  16  12  24]
 [170 170 170 ...,  15  10  17]
 [171 171 171 ...,  11  11  33]] 



43  44  48  28  30  54  32  49  63
   42  62]
 [ 29  37  39  48  31  36  42  34  36  27  37  27  23  41  43  41  46  36
   32  32]
 [ 30  27  26  16  29  24  20  20  23  24  29  24  22  24  29  19  20  30
   32  38]
 [ 10  19  21  19  24  28  31  25  26  22  33  32  28  29  34  37  37  32
   32  30]
 [ 62  71  52   8   9   8  16  15  18  17  21  21  18  20  19  15  17  13
   25  45]
 [ 50  57  58  66  72  64  64  50  49  43  38  31  32  23  33  52  42  68
   67  73]
 [ 57  58  59  57  55  57  50  57  52  52  54  52  55  56  56  54  60  69
   80  73]
 [ 57  62  66  57  61  57  56  54  56  58  57  57  56  61  68  77  81  90
   86  96]
 [ 58  49  65  61  60  63  61  59  66  71  71  72  74  79  85  78  87  97
   96 103]
 [ 65  57  59  59  63  61  60  62  63  66  73  73  76  86  85  83  84  92
   85  93]
 [ 66  65  64  65  55  53  51  56  65  67  74  78  91  87  90  96 108 107
  101 100]
 [ 72  57  58  62  65  63  53  58  59  61  68  70  82  86  95  98  98 107
   96 100]
 [ 81  78  64  56  48  58  58  54  54  57  66  64  81  94 105 106 116 112
  105 100]
 [ 77  75  77  73  59  53  53  52  54  57  60  60  65  77  81 100 100  95
  103 101]] 





 	 nombre_35 (18, 21)	
 [[ 64  77  81  79  66  55  59  46  52  54  57  53  46  39  58  51  56  64
   49  56  66]
 [ 74  61  60  61  52  53  36  57  44  50  53  47  48  52  45  51  42  45
   47  48  58]
 [ 66  45  61  61  59  47  42  49  51  54  53  54  41  45  39  44  49  44
   55  61  61]
 [ 39  53  51  41  47  51  74  41  46  44  39  53  49  49  50  42  49  49
   58  39  58]
 [ 40  44  35  21  48  42  28  46  53  51  50  46  44  43  48  41  41  36
   51  55  51]
 [ 39  37  36  34  41  32  20  35  32  30  26  39  39  30  26  27  27  39
   29  29  44]
 [ 46  45  33  29  25  26  32  32  27  28  23  23  13  21  24  23  15  24
   28  28  21]
 [ 45  36  35  31  28  25  24  21  19  17  23  24  24  23  29  26  29  29
   28  29  25]
 [ 48  46  36  23  29  27  24  23  25  27  27  28  29  26  27  27  29  29
   26  28  27]
 [ 54  51  48  54  34  11  22  19  13  17  18  17  18  21  23  19  19  16
   16  19  23]
 [ 60  60  52  58  56  63  58  33  11   8   9  13  15  19  22  21  22  20
   23  25  23]
 [ 51  60  60  57  64  60  59  62  61  56  51  26  22  14  20  25  19  17
   13  15  18]
 [ 56  47  52  65  61  58  61  60  58  58  50  49  47  34  39  32  25  20
   31  43  50]
 [ 70  62  54  60  56  63  60  63  58  58  66  52  50  55  58  58  48  34
   62  74  80]
 [ 66  65  62  58  66  65  65  66  70  72  65  65  67  71  72  77  87  87
   89  86  84]
 [ 73  65  68  66  54  65  66  66  70  68  66  66  75  80  78  74  83  86
   85  88  91]
 [ 67  74  73  72  58  56  65  64  65  70  73  74  79  79  79  84  92  95
   89  97  96]
 [ 92  72  69  68  70  69  62  66  69  70  70  71  77  83  85  94 104  97
   98 101 106]] 


 	 nombre_37 (77, 74)	
 [[ 38  40  32 ...,  23  34  36]
 [ 36  32   8 ...,  26  32  32]
 [125 137 133 ...,  28  30  29]
 ..., 
 [ 14  16  19 ...,   0  31  24]
 [ 13  12  16 ...,  20  21   0]
 [ 16  15  15 ...,   0  22  62]] 


 	 nombre_37 (17, 18)	
 [[ 69  76  72  68  61  66  46  53  55  58  52  47  36  53  56  60  60  54]
 [ 63  60  54  54  54  49  58  36  51  50  43  50  58  44  52  42  39  38]
 [ 45  61  56  57  47  46  43  52  56  46  48  40  43  38  45  49  45  51]
 [ 51  53  47  55  50  72  48  47  38  36  44  53  49  46  36  46  46  51]
 [ 44  42  17  37  49  28  42  52  44  52  44  39  41  47  42  36  34  45]
 [ 37  36  33  36  30  20  36  33  25  31  38  36  36  27  25  26  33  31]
 [ 45  34  29  26  24  25  30  28  31  23  23  18  18  24  16  13  23  26]
 [ 30  36  33  29  24  22  21  21  17  21  22  25  21  25  30  31  29  28]
 [ 46  43  25  30  29  19  20  26  27  28  27  30  30  29  28  30  30  30]
 [ 54  45  62  38  19  19  20  13  17  18  19  18  19  22  19  19  16  14]
 [ 65  54  55  55  57  58  37  16   8  10  13  14  18  20  19  19  19  23]
 [ 65  64  57  57  60  55  61  60  59  51  31  26  18  19  18  21  20  24]
 [ 45  55  67  59  59  66  60  60  59  56  46  49  38  36  30  28  22  17]
 [ 66  54  57  55  57  62  63  66  54  71  55  48  54  56  54  51  37  65]
 [ 66  64  59  61  62  64  60  67  66  65  66  66  71  71  78  82  81  87]
 [ 67  69  66  64  72  65  68  78  69  67  66  72  79  78  77  88  90  90]
 [ 74  73  73  64  56  68  66  65  69  70  73  77  78  79  84  92 101  88]] 


 	 nombre_39 (77, 80)	
 [[ 12 146 156 ...,  26  25  25]
 [140 140 142 ...,  23  43  28]
 [132 124 124 ...,  41  40  27]
 ..., 
 [ 15  16  16 ...,  68  40   2]
 [ 16  10  12 ...,  25  10  28]
 [ 11  14  11 ...,  24  12   5]] 


 	 nombre_39 (18, 22)	
 [[ 71  73  80  76  68  63  61  46  49  52  52  48  45  40  51  54  61  65
   52  50  66  74]
 [ 68  60  64  56  57  57  51  54  39  52  46  47  48  56  40  50  44  34
   40  53  56  68]
 [ 67  47  61  53  58  48  46  45  45  51  46  48  38  39  38  49  48  46
   48  60  63  53]
 [ 38  52  62  47  54  54  72  44  42  42  40  42  53  49  46  36  39  38
   49  43  62  53]
 [ 41  45  40  23  46  42  29  39  50  38  43  39  39  39  49  42  38  33
   44  49  45  51]
 [ 43  37  36  35  32  33  26  34  26  27  31  39  40  36  25  28  23  28
   35  28  31  56]
 [ 44  44  36  29  25  23  26  33  34  32  24  23  17  17  23  21  16  21
   28  24  26  11]
 [ 42  37  35  36  27  24  22  22  18  20  17  22  24  21  27  26  28  25
   27  28  25  28]
 [ 50  47  41  23  29  28  22  22  25  24  29  26  28  28  27  25  30  30
   29  31  27  28]
 [ 53  55  48  59  36  19  20  19  13  19  18  16  17  18  18  18  20  19
   17  17  19  21]
 [ 57  67  51  57  54  59  57  35   9   8  18  16  17  17  19  18  19  21
   23  25  25  24]
 [ 59  64  65  57  59  60  54  60  63  54  48  27  20  22  23  17  18  21
   18  15  11  18]
 [ 68  46  53  70  64  60  65  60  58  59  56  41  43  39  31  24  27  24
   20  33  40  52]
 [ 70  61  50  63  58  60  63  62  66  55  68  55  51  57  57  51  46  33
   63  68  78  87]
 [ 65  63  60  56  59  58  60  63  68  65  64  66  65  71  73  74  79  81
   88  90  78  94]
 [ 72  70  69  65  60  69  65  66  76  68  67  66  73  80  80  76  85  97
   85  87  96  87]
 [ 67  77  73  72  57  56  68  64  62  68  69  70  75  77  79  83  88  99
   89  92  95  96]
 [ 88  71  71  68  68  66  65  63  66  70  72  71  81  85  92  94  97  95
   95  99 107 109]] 


 	 nombre_41 (75, 69)	
 [[159 159 158 ...,  23  22  28]
 [158 157 152 ...,  35  23  35]
 [158 158 157 ...,  30  30  32]
 ..., 
 [ 14  13   0 ...,   1   3   6]
 [ 23  16   2 ...,   2   6   8]
 [  8  13  20 ...,   3   8   7]] 


 	 nombre_41 (20, 20)	
 [[ 74  74  56  71  73  54  57  48  54  49  45  51  49  60  47  64  62  65
   37  64]
 [ 73  72  84  82  78  71  60  44  45  52  50  48  46  43  55  51  62  63
   54  54]
 [ 67  62  58  62  53  54  51  59  38  44  45  41  48  53  43  57  42  36
   41  61]
 [ 71  50  60  58  56  46  46  44  51  59  46  50  44  43  42  50  41  45
   51  51]
 [ 40  52  54  46  54  53  65  44  40  40  42  42  52  44  44  36  42  42
   49  42]
 [ 43  46  45  15  42  40  27  38  48  43  46  39  43  45  47  46  43  38
   52  44]
 [ 45  37  36  35  34  37  25  38  31  28  32  37  38  37  28  29  29  31
   34  28]
 [ 45  44  37  30  26  25  28  31  29  28  20  25  18  22  24  24  18  22
   29  29]
 [ 43  37  37  32  28  23  21  23  18  19  18  23  22  22  28  25  29  24
   25  25]
 [ 48  48  31  23  27  29  25  24  23  22  27  26  28  28  29  25  24  28
   30  31]
 [ 53  47  45  56  20  14  20  20  16  21  22  18  19  20  19  18  18  19
   18  20]
 [ 54  66  49  52  54  60  43  18  10  15  16  17  18  19  19  18  19  22
   23  22]
 [ 55  60  64  55  60  56  56  64  63  52  36  16  23  17  23  18  22  21
   23  16]
 [ 63  52  53  64  61  60  62  60  56  58  49  42  52  34  32  27  23  24
   20  27]
 [ 68  63  56  59  58  60  64  60  63  52  66  54  44  52  50  54  46  35
   55  67]
 [ 66  64  64  59  60  61  62  61  65  64  63  63  64  71  73  74  75  78
   83  91]
 [ 79  72  73  64  59  68  66  69  75  69  64  63  71  79  80  76  80  93
   82  87]
 [ 65  73  72  72  61  57  65  65  64  65  67  73  79  77  75  81  89  98
   90  95]
 [ 90  72  69  68  67  67  68  66  69  69  68  64  75  81  90  96 101  95
   97 102]
 [ 88  84  79  73  62  61  65  65  64  61  56  68  76  76  81  89 109  96
  103 113]] 


 	 nombre_43 (79, 65)	
 [[140  19  24 ...,  36  42  27]
 [110  23  31 ...,  34  28  42]
 [ 84  27  35 ...,  37  42  38]
 ..., 
 [ 29  27  51 ...,   3   2   2]
 [ 11  29  26 ...,   5   2   3]
 [  0  34  20 ...,   7   6   7]] 


 	 nombre_43 (20, 20)	
 [[ 73  76  55  70  70  54  52  48  52  53  45  52  47  55  48  65  56  65
   41  72]
 [ 73  60  78  70  71  65  65  52  47  48  48  50  51  45  52  50  62  63
   60  57]
 [ 68  66  62  62  58  49  50  60  37  45  48  46  51  53  38  51  43  42
   39  58]
 [ 69  46  59  58  60  43  49  47  46  62  47  48  45  43  44  52  42  44
   52  54]
 [ 42  58  57  48  52  57  63  47  40  42  42  38  53  45  45  37  42  45
   50  44]
 [ 43  46  45  20  43  41  30  37  52  38  52  41  42  39  49  49  43  43
   48  43]
 [ 46  38  35  37  35  38  27  34  31  28  39  35  42  38  33  31  32  26
   33  36]
 [ 43  44  36  31  28  25  26  31  28  29  23  25  20  23  27  21  15  19
   24  31]
 [ 39  38  36  32  30  25  21  26  18  21  18  21  21  19  25  26  29  25
   27  26]
 [ 54  43  28  25  30  30  26  25  25  23  29  26  32  25  26  27  24  25
   28  32]
 [ 50  52  49  44  21  14  22  18  17  21  21  20  17  21  22  21  20  21
   20  21]
 [ 61  62  48  53  55  62  36   9  15  15  15  17  18  18  22  19  19  21
   23  18]
 [ 52  62  60  58  58  56  57  66  67  46  28  13  13  13  22  18  21  20
   20  21]
 [ 59  46  48  63  61  60  61  60  57  57  51  40  56  39  33  27  20  19
   14  25]
 [ 69  63  61  64  59  60  65  60  64  56  62  57  47  45  52  48  40  39
   60  61]
 [ 65  65  60  56  58  61  62  61  63  63  60  60  59  67  68  71  75  78
   86  89]
 [ 77  70  71  58  59  66  67  65  71  70  64  62  74  81  77  73  76  92
   84  83]
 [ 66  72  73  71  63  56  65  65  65  65  66  68  75  74  74  83  89  95
   88  93]
 [ 89  73  67  66  66  65  64  65  69  73  64  65  71  79  91  98 103  92
   95 100]
 [ 87  83  77  72  64  62  68  66  64  59  59  68  74  73  83  93 105  97
  102 113]] 


 	 nombre_45 (82, 63)	
 [[ 33  33  46 ...,  58  30  31]
 [104  69  70 ...,  35  39  40]
 [ 29   2   5 ...,  53  31  32]
 ..., 
 [ 47  47  63 ...,   9  14  12]
 [ 51  46  43 ...,   4  15  16]
 [ 31  47  38 ...,   2  12  10]] 


 	 nombre_45 (19, 20)	
 [[ 74  66  79  69  71  59  65  53  46  48  49  51  51  46  49  51  61  66
   62  62]
 [ 69  64  61  63  59  54  53  52  40  42  47  47  51  52  39  51  46  41
   38  52]
 [ 70  48  58  57  57  47  46  44  52  60  45  48  45  42  41  53  40  45
   52  51]
 [ 43  57  58  57  48  60  60  46  39  41  43  37  51  45  48  33  42  45
   49  43]
 [ 42  44  48  20  46  33  34  37  51  37  52  42  48  40  47  49  46  39
   48  41]
 [ 47  37  32  31  33  42  28  39  29  32  38  41  44  34  30  31  30  28
   32  41]
 [ 40  41  37  30  25  25  28  36  36  33  28  29  23  23  25  16  15  21
   28  28]
 [ 40  38  34  32  30  25  21  26  18  17  18  21  20  21  25  26  29  25
   27  28]
 [ 49  44  30  29  30  29  24  23  23  24  27  25  31  26  26  27  24  25
   27  30]
 [ 53  47  44  44  20  18  24  18  16  21  21  20  17  21  25  20  20  21
   20  20]
 [ 57  59  49  53  55  60  32   9  16  15  16  20  21  18  25  17  19  22
   24  19]
 [ 54  60  55  58  60  59  58  67  65  48  24   9  10  12  24  14  23  24
   23  25]
 [ 59  44  46  60  61  64  60  60  57  59  49  41  53  40  36  24  18  19
   18  27]
 [ 68  65  59  62  58  58  63  59  62  56  60  59  50  48  53  49  46  36
   61  60]
 [ 66  66  63  57  58  60  62  62  66  64  60  64  62  71  68  71  78  79
   83  89]
 [ 78  71  72  60  58  65  66  66  70  68  65  61  70  75  77  74  76  84
   83  83]
 [ 64  71  71  74  62  54  68  61  65  66  66  69  74  76  78  78  86  93
   88  93]
 [ 89  71  67  67  65  64  64  62  66  70  69  67  72  78  87  94 104  93
   95 101]
 [ 86  80  77  74  65  62  70  67  66  57  61  67  74  78  79  88 101  97
  100 117]] 


 	 nombre_47 (66, 100)	
 [[10 24 26 ...,  5  4  4]
 [23 24 15 ...,  5  4  3]
 [19 22 22 ...,  3  3  3]
 ..., 
 [17 15 11 ...,  9  1  0]
 [15 16 17 ...,  5 22 20]
 [18 16 30 ..., 38  3 59]] 


 	 nombre_47 (19, 20)	
 [[ 71  70  73  67  73  57  64  50  48  52  49  51  49  40  52  51  65  60
   54  56]
 [ 67  63  62  62  56  51  54  51  40  43  49  50  49  48  45  46  42  41
   39  62]
 [ 70  46  59  57  57  49  50  44  53  58  47  48  46  43  37  54  39  45
   56  53]
 [ 46  56  60  51  48  60  64  43  40  42  42  34  51  47  49  31  45  44
   49  44]
 [ 43  45  47  21  45  37  33  41  51  38  48  41  48  42  45  45  47  38
   48  40]
 [ 45  37  33  36  36  37  26  38  29  34  37  43  40  32  33  34  29  27
   33  30]
 [ 42  41  36  32  26  23  23  30  29  29  27  27  19  21  26  17  17  23
   31  35]
 [ 43  39  36  32  30  26  23  24  16  17  18  19  20  21  27  26  29  23
   24  25]
 [ 50  45  33  24  29  30  25  23  22  22  25  25  32  29  26  28  25  28
   30  29]
 [ 56  50  46  51  26  16  25  23  13  19  21  20  16  21  22  21  20  18
   18  20]
 [ 58  58  53  56  57  51  52   7  10  18  18  19  20  18  21  17  20  23
   28  29]
 [ 57  62  66  59  60  61  58  64  73  56  26   9   9  13  17  19  19  19
   26  12]
 [ 65  48  35  63  60  64  61  61  58  57  52  43  52  40  37  27  24  25
   26  35]
 [ 70  67  62  59  58  57  64  60  63  58  61  62  51  54  56  48  51  49
   56  64]
 [ 68  66  65  60  58  61  64  61  65  64  60  64  63  69  68  67  70  73
   83  81]
 [ 79  76  73  62  58  64  67  65  71  70  66  62  70  76  81  75  77  84
   87  89]
 [ 63  70  74  73  66  55  65  62  64  65  66  69  73  73  75  77  85  92
   91  91]
 [ 88  78  69  66  67  65  65  64  65  66  65  66  70  75  87  95 102  94
   96  98]
 [ 85  81  81  80  67  58  67  65  66  57  56  63  66  73  81  94  94  97
  100 104]] 


 	 nombre_49 (65, 105)	
 [[14  9 23 ...,  1  4  6]
 [16 12 13 ...,  6  2  4]
 [14 14  9 ...,  0  2  3]
 ..., 
 [26 31 24 ..., 23 30 39]
 [11  8 11 ...,  5 19  8]
 [16 15 29 ..., 25 13 28]] 


 	 nombre_49 (18, 21)	
 [[ 71  73  67  71  59  64  48  47  52  50  50  49  45  50  50  64  60  60
   58  66  74]
 [ 62  64  57  62  54  56  56  44  47  51  51  47  47  44  51  48  40  39
   64  62  61]
 [ 45  57  52  60  50  51  49  55  59  47  46  46  44  36  52  47  46  54
   53  64  53]
 [ 56  59  50  52  67  60  41  36  40  42  35  50  47  51  37  45  46  50
   49  72  60]
 [ 40  48  27  50  38  41  47  47  41  41  45  48  43  48  46  51  45  49
   42  48  57]
 [ 39  37  30  31  37  31  41  28  43  46  43  43  34  36  35  29  27  28
   41  23  53]
 [ 40  37  33  32  26  24  31  32  35  29  28  23  23  26  18  24  21  29
   34  34  18]
 [ 38  37  33  28  24  21  25  16  18  19  21  21  21  23  24  27  24  27
   24  23  23]
 [ 45  36  27  30  29  24  21  24  22  25  27  31  26  24  25  27  30  30
   28  26  30]
 [ 50  45  54  28  15  21  21  17  17  19  19  19  23  23  18  20  19  18
   23  24  21]
 [ 59  57  57  60  60  68  10  12  10  16  17  18  17  18  13  17  19  24
   29  26  25]
 [ 59  61  60  56  58  55  60  75  52  52  19  10  11  19  22  19  20  19
   14  18  29]
 [ 45  26  63  60  61  61  60  62  48  55  45  53  41  40  31  26  21  33
   42  53  63]
 [ 70  69  60  57  60  63  61  67  59  59  59  54  53  61  56  57  60  63
   59  72  76]
 [ 62  65  64  54  66  63  60  61  60  59  61  65  71  69  67  67  67  76
   80  85  87]
 [ 78  74  69  61  59  67  64  67  68  66  62  72  75  82  74  79  87  89
   87  87  89]
 [ 67  71  72  68  57  61  61  63  68  69  68  75  73  77  81  89  92  93
   91  86  96]
 [ 77  71  64  65  67  65  63  64  63  64  65  70  74  85  94 101  93  94
   99 107 106]] 


 	 nombre_51 (65, 108)	
 [[19 22 23 ...,  0  0  0]
 [12 13 20 ...,  0  0  0]
 [17 15 13 ...,  0  0  0]
 ..., 
 [10 13 23 ..., 23 18 13]
 [20 14 20 ...,  2 46 17]
 [13 16  8 ...,  0  0 55]] 


 	 nombre_51 (21, 23)	
 [[ 73  59  71  75  47  56  51  51  51  51  54  52  57  59  63  62  64  76
   71  74  83  81  89]
 [ 69  65  66  67  57  50  49  48  50  46  50  49  61  46  56  66  61  41
   66  70  65  67  72]
 [ 59  77  60  66  60  60  47  41  54  58  57  48  45  50  57  58  55  52
   54  66  64  71  74]
 [ 56  61  55  54  57  57  51  50  59  50  46  57  55  43  50  46  42  45
   51  58  57  70  58]
 [ 61  58  66  60  59  57  48  44  50  52  48  42  37  36  47  48  49  47
   56  71  55  62  71]
 [ 45  53  36  45  51  63  62  46  50  45  46  53  51  55  47  51  54  52
   49  50  58  55  48]
 [ 44  40  19  28  56  37  44  50  52  70  50  47  40  46  45  44  32  31
   54  50  53  58  32]
 [ 39  40  36  34  38  19  31  43  36  37  34  48  39  30  18  28  30  36
   27  40  52  54  42]
 [ 45  44  38  32  26  28  33  31  27  26  25  24  23  26  24  23  16  22
   34  31  28  18  24]
 [ 35  31  33  33  23  24  25  26  21  25  22  27  22  29  33  29  28  32
   28  26  29  34  38]
 [ 52  50  29  18  26  22  22  22  21  23  26  30  27  28  28  28  28  24
   26  31  31  32  30]
 [ 63  53  54  64  50  11  16  18  19  21  20  17  17  26  18  17  22  17
   19  22  23  20  17]
 [ 64  60  64  55  55  58  74  56  10   9   7   8  10  17  18  17  15  26
   18  17  19  34  39]
 [ 48  29  63  60  61  62  61  57  58  58  47  52  43  36  27  28  16  18
   31  46  59  66  69]
 [ 63  66  56  62  65  69  58  58  53  55  58  51  51  54  48  56  58  65
   60  64  62  74  83]
 [ 59  64  58  54  66  64  59  60  60  58  59  59  69  66  64  63  63  75
   74  82  86  90  87]
 [ 73  71  66  59  61  67  65  68  69  65  64  72  78  72  71  74  80  86
   80  94  94 101 101]
 [ 69  71  73  66  59  61  63  63  68  69  67  78  78  76  78  81  89  87
   87  84  99  97  92]
 [ 73  72  66  69  64  65  64  66  64  64  65  70  75  78  87  93  91  94
   97 102 108 106 109]
 [ 85  78  80  69  59  65  65  64  62  57  58  64  69  77  88  87  94  95
  101  98 111 103 104]
 [ 78  76  80  80  81  59  53  59  65  60  54  53  62  80  79  90  96 108
  101 120 112 101 100]] 


 	 nombre_53 (65, 112)	
 [[18 22 20 ..., 25 30 16]
 [23 27 27 ..., 23 24 22]
 [18 26 27 ..., 26 29 20]
 ..., 
 [ 9 29 12 ...,  9 32 12]
 [15 17 11 ...,  5  9 42]
 [17 17 13 ...,  0  0  0]] 


 	 nombre_55 (65, 114)	
 [[18 18 22 ..., 15 24  7]
 [24 19 16 ..., 28 29 23]
 [12 28 17 ..., 26 29 25]
 ..., 
 [15 24 12 ..., 22  7 16]
 [21 21 20 ...,  1 49 33]
 [18 19 19 ...,  0  0  0]] 


 	 nombre_57 (65, 117)	
 [[13 12 14 ..., 22 11 21]
 [11 12 14 ..., 25 32 48]
 [13  9  8 ..., 21 31 21]
 ..., 
 [21 17 17 ...,  0  2  0]
 [19 19 18 ..., 29 39 25]
 [11 16 29 ..., 28 10 15]] 


 	 nombre_59 (114, 173)	
 [[27 26 26 ..., 29 28 35]
 [28 39 27 ..., 35 35 30]
 [37 28 47 ..., 29 29 32]
 ..., 
 [12 18 18 ...,  6 29 30]
 [13 14 17 ..., 61 49 55]
 [36 23 17 ...,  0  5  0]] 


 	 nombre_61 (95, 169)	
 [[ 0  0  1 ..., 36 32 29]
 [ 0  0  0 ..., 36 34 18]
 [ 0  0  0 ..., 29 31 30]
 ..., 
 [ 2 14 10 ...,  1 12 21]
 [13 11 15 ..., 26 23 15]
 [15 14 16 ..., 13 16 37]] 


 	 nombre_63 (88, 167)	
 [[18 16 11 ..., 39 47 30]
 [21 21 17 ..., 55 34 37]
 [19 18 14 ..., 49 48 31]
 ..., 
 [10 15 14 ..., 17 10 35]
 [13 13 11 ..., 10 11 30]
 [10  7 11 ..., 51 64 48]] 


 	 nombre_65 (94, 168)	
 [[ 0  0  0 ..., 33 28 32]
 [ 0  0 52 ..., 39 44 37]
 [14 37 29 ..., 39 41 33]
 ..., 
 [12 15 13 ..., 15 13 25]
 [15  6 15 ..., 20  2 24]
 [22 11 10 ..., 35 53 32]] 


 	 nombre_67 (105, 170)	
 [[25 25 25 ..., 25  9 12]
 [26 23 22 ..., 27 48 21]
 [20 39 11 ..., 32 20 15]
 ..., 
 [ 7 12 16 ..., 16 21 30]
 [16 14 13 ..., 13 28  4]
 [10 13 14 ..., 25 18 13]] 


 	 nombre_69 (64, 118)	
 [[111 108 113 ...,  28  27  24]
 [101  90 105 ...,  26  25  26]
 [ 78  86  89 ...,  24  25  27]
 ..., 
 [ 20  11   4 ...,  25  51  48]
 [ 14  16  25 ...,   0   4   0]
 [ 12  10  14 ...,  13  28  19]] 


 	 nombre_71 (64, 117)	
 [[15  8 15 ..., 25 16 30]
 [ 5  9 16 ..., 31 36 23]
 [15  9 12 ..., 30 34 24]
 ..., 
 [20 21 15 ...,  7  0  0]
 [16 15 22 ..., 32  2 37]
 [11 15 15 ..., 45 23 31]] 


 	 nombre_73 (64, 116)	
 [[16 13 13 ..., 37 29 23]
 [22 19 16 ..., 30 30 26]
 [13 14 13 ..., 23 32 24]
 ..., 
 [10 28 14 ..., 14 34 24]
 [16 20 19 ...,  0  0  0]
 [25 16 22 ...,  0  0  0]] 


 	 nombre_75 (73, 84)	
 [[32 36 32 ..., 28 18 42]
 [36 37 35 ..., 18 10 22]
 [26 32 43 ..., 25 24 33]
 ..., 
 [48 51 19 ..., 11 19 17]
 [21 51 67 ..., 21 28 24]
 [39 31 30 ..., 16 15 11]] 


 	 nombre_77 (64, 116)	
 [[16 11 11 ..., 33 31 17]
 [18 15 22 ..., 28 24 22]
 [26 13  3 ..., 21 21 20]
 ..., 
 [12 15 25 ...,  0  0  0]
 [16 15 15 ...,  0  0  0]
 [12 20 13 ...,  0  0  0]] 


 	 nombre_79 (63, 115)	
 [[13 11 10 ..., 30 24 17]
 [14 23 25 ..., 26 24 19]
 [18 11 14 ..., 21 17 25]
 ..., 
 [ 3 28 26 ...,  0  0  7]
 [17 24 22 ...,  0  0  0]
 [15 18 16 ...,  0  0  0]] 


 	 nombre_81 (64, 117)	
 [[31 23 19 ..., 31 39 27]
 [16 13 13 ..., 33 24 29]
 [17 15 10 ..., 28 25 17]
 ..., 
 [10 12 18 ...,  0 13 11]
 [16 19  9 ...,  0  0  0]
 [14 17 20 ...,  0  0  0]] 


 	 nombre_83 (64, 117)	
 [[19 13 13 ..., 28 34 30]
 [13 13 18 ..., 28 27 29]
 [13 25 19 ..., 28 29 31]
 ..., 
 [11  9 22 ..., 29 26 11]
 [14 16 13 ...,  1 38 31]
 [14 17 30 ...,  0  0  0]] 


 	 nombre_85 (64, 117)	
 [[14 30 16 ..., 16 28 12]
 [10 10 11 ..., 31 32 32]
 [ 7  7  9 ..., 29 39 28]
 ..., 
 [18 19 19 ..., 14 10  5]
 [18 17 15 ..., 11 22 19]
 [16 35 21 ..., 24 36 14]] 


 	 nombre_87 (115, 171)	
 [[23 41 24 ..., 25 38 33]
 [39 22 26 ..., 17 26 30]
 [37 25 34 ..., 25 18 23]
 ..., 
 [26 20 16 ..., 34 28 20]
 [11 12 15 ...,  1 15  1]
 [21 21 20 ..., 14 21 14]] 


 	 nombre_89 (96, 167)	
 [[ 0  0  4 ..., 28 26 25]
 [ 0  2  0 ..., 25 22 22]
 [ 0  0 29 ..., 29 28 16]
 ..., 
 [17 11  9 ..., 10 18 27]
 [ 9  9 12 ..., 29 53 47]
 [ 9  9 11 ...,  7 13  0]] 


 	 nombre_91 (83, 165)	
 [[17 16 17 ..., 47 37 45]
 [16 13  7 ..., 45 34 24]
 [16 11  9 ..., 47 55 34]
 ..., 
 [14 11 17 ..., 19 12 20]
 [ 8 10 11 ..., 29 21 38]
 [10  7 16 ..., 14 43 14]] 


 	 nombre_93 (86, 167)	
 [[17 31 17 ..., 22 45 32]
 [18 19 16 ..., 46 40 26]
 [16 16 16 ..., 27 36 24]
 ..., 
 [12 12 11 ..., 12 10 18]
 [11 11 11 ..., 45 47 52]
 [18 16 13 ..., 15 21 12]] 


 	 nombre_95 (95, 169)	
 [[ 7  1  3 ..., 26 22 31]
 [ 0  0  2 ..., 21 17 11]
 [ 0  1  0 ..., 26 14 17]
 ..., 
 [15 12 13 ...,  0 16 30]
 [10 15 16 ..., 44 64 47]
 [11 11 13 ..., 18 12  1]] 


 	 nombre_97 (103, 172)	
 [[37 45 33 ..., 42  8 35]
 [28 39 39 ..., 24 18 18]
 [31 18 20 ..., 28 32 22]
 ..., 
 [11 17 19 ..., 17  7 33]
 [11 12 13 ..., 38 46 46]
 [12 12 16 ..., 13 29  2]] 


 	 nombre_99 (65, 122)	
 [[96 89 80 ..., 27 34 31]
 [80 86 85 ..., 21 26 20]
 [85 91 84 ..., 21 21 24]
 ..., 
 [15 13 19 ..., 15 15 22]
 [28 26 18 ..., 13 34 25]
 [10  4 11 ..., 36 41 21]] 


 	 nombre_101 (65, 117)	
 [[14 11 14 ..., 19 45 34]
 [12  8 16 ..., 28 37 33]
 [11  9 20 ..., 16 31 32]
 ..., 
 [25 23 14 ..., 17 24 22]
 [19 12  8 ...,  0 17 24]
 [ 2 12 16 ..., 63 50 58]] 


 	 nombre_103 (65, 117)	
 [[11  9 19 ..., 21 26  0]
 [12 12  8 ..., 35 33  6]
 [14 15  8 ..., 48 16  3]
 ..., 
 [17 17 11 ..., 18 22 13]
 [10 17 21 ..., 25 16 25]
 [15 12 12 ..., 23 29 13]] 


 	 nombre_105 (70, 86)	
 [[16 13 18 ..., 15 10 15]
 [15 11 14 ..., 18 11 22]
 [11 12 15 ..., 20 31 33]
 ..., 
 [28 46 56 ...,  9  9 10]
 [26 29 28 ..., 10  9 10]
 [35 38 30 ..., 10  9 11]] 


 	 nombre_107 (68, 106)	
 [[21 39 19 ...,  0  0  0]
 [20 18 18 ...,  0  0  0]
 [ 5 19 23 ...,  0  0  0]
 ..., 
 [11 10  9 ..., 40 53 56]
 [15 14 13 ..., 57 41 26]
 [11 15 16 ...,  5 15 20]] 


 	 nombre_109 (75, 84)	
 [[38 34 28 ..., 18 20 16]
 [34 39 18 ..., 15 16 18]
 [36 29 49 ..., 10 17 21]
 ..., 
 [33 20 27 ..., 17 15 14]
 [29 43 28 ..., 10  7 11]
 [34 29 23 ..., 14 11  9]] 


 	 nombre_111 (80, 85)	
 [[28 26 29 ..., 35 32 19]
 [20 33 26 ..., 31 34 36]
 [23 41 30 ..., 31 27 29]
 ..., 
 [32 26 37 ..., 17 16 16]
 [30 32 16 ..., 17 16 16]
 [68 33 13 ..., 18 18 15]] 


 	 nombre_113 (75, 73)	
 [[ 89 160 152 ...,  28  25  21]
 [145 131 129 ...,  15  13  26]
 [118 120 123 ...,  13  29  34]
 ..., 
 [  9   7   8 ...,  50  45  50]
 [ 10   7   9 ...,  33  30  34]
 [ 11  12  10 ...,  40  29  38]] 


 	 nombre_115 (85, 77)	
 [[164 143  70 ...,  36  28  20]
 [166  50  25 ...,  27  44  49]
 [ 75   0  51 ...,  36  29  30]
 ..., 
 [ 29  26  50 ...,  17  11  10]
 [ 31  29  33 ...,  10   5   8]
 [ 15  26  27 ...,   5   6  10]] 


 	 nombre_117 (84, 69)	
 [[165 163 158 ...,  32  31  30]
 [165 165 157 ...,  35  41  29]
 [165 164 159 ...,  37  35  30]
 ..., 
 [ 27  83  23 ...,   2   4   2]
 [ 43  51  42 ...,  20   8   7]
 [ 38  37  72 ...,   1   7   7]] 


 	 nombre_119 (76, 67)	
 [[ 21   5  29 ...,  28  26  36]
 [ 57 149 164 ...,  33  30  42]
 [152 141 141 ...,  41  40  34]
 ..., 
 [  1   1   1 ...,  76  48  78]
 [  2   1   1 ...,  70  60  73]
 [  1   1   1 ...,  51  78  43]] 


 	 nombre_121 (76, 69)	
 [[22  6 40 ..., 33 26 38]
 [26 37 51 ..., 32 30 29]
 [24  1 61 ..., 60 30 26]
 ..., 
 [ 2  1  1 ..., 29 45 22]
 [ 2  1  1 ..., 23 48  1]
 [ 2  1  1 ..., 45 17 26]] 


 	 nombre_123 (75, 69)	
 [[21 15 27 ..., 38 32 39]
 [16 18  7 ..., 29 32 32]
 [10 17  6 ..., 33 35 35]
 ..., 
 [ 2  2  2 ..., 43  0 70]
 [ 3  2  2 ...,  3 39 72]
 [ 3  3  1 ..., 26 82 37]] 


 	 nombre_125 (73, 70)	
 [[26 31 22 ..., 37 28 23]
 [29 17 18 ..., 28 29 25]
 [33 28 39 ..., 33 38 27]
 ..., 
 [ 5  3  3 ..., 25 46 29]
 [ 8  8  3 ..., 35 39 91]
 [ 7  5  4 ..., 38 75 63]] 


