 110 112]
 [133 130 130 130 130 129 126 124 123 121 117 116 116 109 110]
 [133 130 131 131 130 128 128 124 123 120 118 116 115 111 112]
 [131 130 130 132 131 129 130 124 122 120 117 115 112 111 113]
 [133 131 131 131 131 130 128 125 123 119 116 114 113 111 110]
 [133 130 130 131 132 131 128 126 121 119 115 114 113 113 111]
 [130 130 130 131 131 131 128 124 120 115 114 111 111 113 114]] 


 	 nombreJuna_33 (96, 81)	
 [[43 42 45 ..., 38 36 35]
 [42 44 41 ..., 38 35 31]
 [44 47 43 ..., 34 31 29]
 ..., 
 [25 26 24 ..., 38 37 43]
 [27 25 27 ..., 38 41 52]
 [31 31 33 ..., 40 41 55]] 


 	 nombreJuna_33 (16, 15)	
 [[125 127 129 125 125 127 126 125 128 130 130 130 129 127 124]
 [128 129 128 126 126 128 129 128 128 127 126 126 127 128 128]
 [130 130 129 128 128 128 128 127 125 125 125 124 124 124 127]
 [131 130 130 128 128 126 125 124 122 122 123 123 123 123 124]
 [131 129 129 128 127 125 123 123 122 121 122 120 120 121 122]
 [130 129 130 128 124 123 123 123 122 121 122 121 117 118 118]
 [130 129 129 129 128 123 124 124 121 120 121 120 118 117 117]
 [131 131 129 129 128 126 125 125 121 119 119 120 118 115 115]
 [132 130 129 129 128 127 126 122 123 120 118 118 117 114 115]
 [131 129 129 128 128 127 125 125 125 122 120 118 117 111 113]
 [133 131 130 130 129 131 128 126 124 122 120 117 116 108 109]
 [133 131 131 132 130 129 129 124 123 121 118 116 116 112 112]
 [131 131 131 132 131 130 130 124 124 122 118 116 113 114 114]
 [131 132 132 131 131 130 130 125 123 121 117 116 113 110 112]
 [133 132 129 130 132 131 128 126 122 119 115 114 114 112 111]
 [130 130 130 130 131 131 129 126 121 118 114 111 111 113 114]] 


 	 nombreJuna_35 (97, 82)	
 [[38 42 40 ..., 37 35 36]
 [41 40 40 ..., 39 36 32]
 [38 40 40 ..., 36 32 30]
 ..., 
 [23 23 24 ..., 39 42 51]
 [26 28 28 ..., 38 43 51]
 [33 33 33 ..., 40 48 65]] 


 	 nombreJuna_35 (15, 13)	
 [[128 126 125 127 126 125 128 130 130 129 129 127 126]
 [128 126 126 127 128 128 128 127 126 126 128 128 128]
 [128 127 128 126 125 127 125 127 125 124 124 124 127]
 [129 128 126 124 124 124 122 122 123 123 123 123 124]
 [130 128 125 125 124 123 122 122 121 120 120 121 122]
 [131 129 125 124 123 123 122 121 122 121 117 120 120]
 [130 130 128 123 124 123 121 120 121 120 118 117 116]
 [130 130 128 126 126 125 122 118 119 120 118 115 115]
 [129 129 128 128 126 123 123 120 118 118 117 114 115]
 [129 128 128 128 125 125 125 122 120 118 117 110 113]
 [130 130 129 131 128 126 124 122 120 117 116 108 109]
 [131 132 130 129 129 124 123 121 118 116 115 112 114]
 [131 132 131 130 130 124 124 122 118 116 113 114 114]
 [132 131 131 130 130 125 123 121 117 116 113 110 112]
 [129 130 133 131 128 127 122 118 115 114 114 112 111]] 


 	 nombreJuna_37 (97, 82)	
 [[37 44 41 ..., 38 36 36]
 [45 41 42 ..., 40 37 34]
 [36 38 44 ..., 36 32 31]
 ..., 
 [25 25 25 ..., 40 39 46]
 [26 26 26 ..., 35 41 51]
 [33 32 32 ..., 41 49 58]] 


 	 nombreJuna_37 (16, 14)	
 [[127 129 125 126 127 128 128 128 131 129 129 128 127 125]
 [128 127 126 126 128 125 128 128 128 128 126 128 128 128]
 [129 127 127 128 127 125 127 127 127 126 125 124 125 126]
 [130 130 129 127 124 124 124 123 122 123 124 123 122 124]
 [130 131 128 126 125 124 123 123 122 121 121 119 121 122]
 [130 131 129 126 123 123 124 122 122 122 122 119 120 117]
 [130 131 130 129 123 123 125 122 120 122 121 119 117 116]
 [132 131 130 128 126 125 124 122 120 120 120 119 115 115]
 [129 129 129 129 128 125 124 122 119 118 118 118 113 115]
 [130 130 129 128 128 125 124 124 122 119 120 117 111 113]
 [132 132 132 130 130 130 126 125 122 120 117 117 111 108]
 [132 131 131 131 129 129 126 124 122 118 116 115 113 113]
 [132 130 131 131 130 130 126 124 123 118 117 111 113 113]
 [132 132 132 131 131 130 126 124 121 117 116 114 111 113]
 [134 129 130 132 131 129 127 124 119 116 115 113 113 112]
 [130 130 130 132 130 128 126 123 119 115 113 112 113 112]] 


 	 nombreJuna_39 (97, 81)	
 [[43 40 47 ..., 39 34 32]
 [39 43 46 ..., 38 36 36]
 [42 42 43 ..., 37 32 30]
 ..., 
 [25 26 29 ..., 39 42 49]
 [27 29 30 ..., 36 40 54]
 [32 35 29 ..., 44 49 59]] 


 	 nombreJuna_39 (18, 15)	
 [[122 122 121 124 124 125 125 125 125 127 127 128 128 128 127]
 [124 124 124 125 127 124 126 125 128 130 128 129 128 127 128]
 [129 128 127 126 128 128 129 128 130 129 129 129 127 125 126]
 [128 128 126 127 128 127 128 128 128 128 126 128 128 128 129]
 [130 129 129 128 126 125 127 127 127 125 124 125 124 125 125]
 [129 130 129 127 125 125 124 123 122 124 123 123 124 123 124]
 [130 130 128 127 125 125 123 123 122 121 118 120 122 123 122]
 [128 129 129 125 123 124 123 122 121 122 121 118 118 119 121]
 [129 129 129 128 123 124 125 122 121 122 120 119 116 115 116]
 [131 129 129 128 127 125 124 121 120 121 120 117 114 114 115]
 [129 129 129 128 128 125 124 123 121 119 119 118 114 115 115]
 [129 130 129 128 128 125 124 124 121 119 120 117 113 114 114]
 [131 131 131 130 129 129 127 125 123 120 117 116 110 110 113]
 [132 132 132 130 129 128 125 125 122 119 116 114 111 111 114]
 [132 131 132 131 129 130 125 125 122 117 115 113 114 114 112]
 [132 132 134 131 130 129 128 124 121 117 114 114 111 112 111]
 [134 129 131 132 131 129 128 123 119 116 115 113 113 113 113]
 [130 130 130 131 130 129 127 123 118 114 113 112 112 112 114]] 


 	 nombreJuna_41 (97, 82)	
 [[39 40 42 ..., 40 35 34]
 [42 41 43 ..., 39 37 43]
 [40 42 42 ..., 37 32 29]
 ..., 
 [25 24 26 ..., 40 33 46]
 [28 28 29 ..., 36 38 49]
 [35 32 34 ..., 39 41 54]] 


 	 nombreJuna_41 (18, 16)	
 [[120 122 122 121 122 123 125 124 126 125 127 129 128 129 128 128]
 [125 125 125 126 124 125 128 128 127 128 128 130 129 128 126 125]
 [126 129 128 128 127 127 128 128 128 127 126 125 128 129 128 128]
 [127 129 128 126 125 128 125 125 126 129 128 126 124 125 124 125]
 [129 129 129 126 127 125 124 123 123 122 123 123 122 122 123 122]
 [128 128 129 129 127 126 125 123 123 121 122 122 121 123 123 124]
 [128 129 130 130 127 123 124 124 122 122 121 123 122 120 121 121]
 [127 128 128 130 129 128 123 125 124 121 121 122 122 120 118 116]
 [129 130 130 130 129 128 126 125 124 120 120 122 120 118 116 114]
 [130 131 131 132 131 128 128 124 124 123 121 120 119 117 115 116]
 [130 129 130 131 130 129 127 125 124 124 121 119 120 116 111 114]
 [130 132 132 131 132 130 128 127 126 125 123 120 117 116 110 110]
 [130 132 132 133 133 130 129 127 125 125 122 119 116 114 111 111]
 [135 132 131 129 131 131 129 130 125 125 122 117 115 113 114 114]
 [131 132 131 130 132 131 130 129 128 124 121 117 115 114 112 113]
 [132 133 133 130 131 132 131 129 128 123 119 115 115 113 113 113]
 [129 130 130 130 130 131 130 129 127 122 115 114 113 112 112 112]
 [128 130 130 130 131 130 129 128 124 122 116 113 113 114 113 114]] 


 	 nombreJuna_43 (98, 83)	
 [[42 39 42 ..., 40 36 35]
 [47 43 41 ..., 39 38 39]
 [36 40 43 ..., 37 38 30]
 ..., 
 [27 28 28 ..., 37 39 49]
 [29 31 32 ..., 38 43 52]
 [29 32 34 ..., 44 60 71]] 


 	 nombreJuna_43 (16, 15)	
 [[128 127 126 124 125 128 129 129 127 127 130 130 129 128 126]
 [129 128 128 124 125 125 127 129 128 128 125 125 126 127 127]
 [129 127 127 126 124 125 124 124 124 124 123 122 122 122 123]
 [129 129 128 127 127 125 123 122 122 122 123 122 122 122 124]
 [129 128 129 128 124 125 124 122 121 120 122 121 119 121 123]
 [128 129 130 129 126 122 123 122 122 120 123 121 118 117 117]
 [129 129 130 130 128 124 123 123 121 121 122 119 117 115 115]
 [131 129 129 128 128 128 124 123 122 121 120 120 117 115 116]
 [130 128 128 128 128 128 125 125 124 120 120 118 117 114 114]
 [130 129 130 130 129 128 127 127 125 123 120 118 116 111 111]
 [132 131 132 131 130 128 126 125 124 121 120 117 115 110 111]
 [132 131 131 131 131 130 129 124 126 119 117 115 113 114 114]
 [130 131 130 131 131 130 128 126 124 120 117 116 114 111 112]
 [132 132 130 131 131 131 128 127 124 121 116 115 114 111 111]
 [131 133 130 131 131 130 130 127 124 119 115 113 113 113 111]
 [130 130 130 131 130 129 128 127 122 115 114 113 112 112 112]] 


 	 nombreJuna_45 (97, 83)	
 [[42 41 41 ..., 40 34 37]
 [47 44 43 ..., 38 38 38]
 [35 43 42 ..., 37 36 30]
 ..., 
 [28 25 24 ..., 40 40 52]
 [27 29 27 ..., 37 44 51]
 [31 35 33 ..., 44 49 61]] 


 	 nombreJuna_45 (17, 16)	
 [[124 125 125 126 124 126 128 128 127 127 129 129 129 129 127 125]
 [126 129 127 127 125 125 127 128 129 128 127 129 129 128 127 125]
 [128 129 128 128 125 125 127 128 130 129 128 126 124 124 125 125]
 [128 130 129 127 126 124 124 123 123 125 125 123 122 122 122 123]
 [129 129 129 129 128 127 125 123 123 122 121 123 121 121 122 124]
 [129 129 128 130 128 124 125 125 122 121 121 123 121 118 119 119]
 [127 128 129 129 129 127 122 123 124 122 120 122 122 119 116 116]
 [128 129 130 131 130 128 126 125 124 121 121 123 122 120 116 116]
 [129 132 129 130 129 127 129 126 123 121 120 120 120 117 115 116]
 [128 129 128 129 129 128 128 125 122 122 121 121 120 117 113 114]
 [129 131 130 130 130 129 129 128 128 125 123 120 118 116 111 110]
 [130 132 131 132 133 130 129 128 124 124 121 119 117 116 111 110]
 [131 132 131 130 131 130 130 129 123 125 121 117 115 113 112 112]
 [130 131 132 131 131 130 130 126 125 123 117 116 115 115 112 112]
 [132 132 132 131 132 131 130 126 126 123 121 116 115 114 111 111]
 [129 131 133 132 131 131 130 129 126 123 119 115 113 113 113 111]
 [130 131 131 130 130 129 130 128 127 123 117 115 112 112 111 113]] 


 	 nombreJuna_47 (97, 83)	
 [[41 41 40 ..., 38 34 38]
 [47 40 40 ..., 38 38 33]
 [37 39 41 ..., 37 32 32]
 ..., 
 [26 24 24 ..., 36 38 48]
 [28 29 25 ..., 38 46 46]
 [27 30 33 ..., 41 46 58]] 


 	 nombreJuna_47 (19, 17)	
 [[122 121 120 121 119 121 125 124 123 125 125 128 128 129 130 129 128]
 [121 123 124 124 123 124 126 127 125 125 124 127 129 129 129 128 127]
 [123 125 126 127 124 125 127 128 128 129 127 129 130 128 129 127 126]
 [123 129 129 128 128 125 127 127 127 129 128 128 126 127 128 127 128]
 [128 129 129 127 126 125 123 123 124 127 128 126 124 123 123 123 125]
 [129 129 129 129 128 127 125 125 123 122 122 121 123 123 122 122 124]
 [128 129 129 129 129 127 124 125 123 123 121 120 122 121 120 122 123]
 [128 130 130 130 129 129 126 124 124 123 122 120 122 121 119 117 118]
 [125 129 129 130 130 129 126 125 123 124 122 121 123 121 118 115 116]
 [125 131 130 130 130 129 127 128 126 123 121 121 121 118 116 115 115]
 [125 131 130 130 132 130 127 129 127 123 123 120 119 117 115 113 115]
 [125 129 131 131 132 130 129 129 128 128 125 121 120 116 116 110 111]
 [127 130 132 132 133 132 130 128 127 125 125 121 120 117 117 109 110]
 [129 131 131 131 132 134 131 130 126 124 126 120 117 114 112 113 111]
 [128 131 130 130 131 131 130 131 128 125 123 117 117 116 115 112 112]
 [105 133 132 132 132 133 131 131 129 125 123 120 116 114 114 113 111]
 [128 131 132 135 132 131 132 130 129 126 123 118 114 114 113 113 112]
 [128 131 131 131 130 131 130 130 128 128 123 115 113 114 113 113 114]
 [130 130 131 130 129 129 129 130 126 126 121 114 112 111 110 111 110]] 


 	 nombreJuna_49 (97, 82)	
 [[41 41 41 ..., 37 37 35]
 [49 43 41 ..., 36 38 37]
 [34 42 43 ..., 37 36 31]
 ..., 
 [26 25 26 ..., 40 37 41]
 [27 29 29 ..., 35 39 47]
 [32 32 32 ..., 38 38 47]] 


 	 nombreJuna_49 (18, 17)	
 [[121 123 125 125 124 124 126 126 124 125 127 128 129 129 129 128 127]
 [122 124 126 128 125 126 128 128 129 128 127 128 130 128 129 128 127]
 [123 128 129 128 128 125 127 127 128 129 129 128 126 127 128 127 128]
 [128 128 129 128 126 125 123 123 124 125 126 126 124 123 123 123 125]
 [129 129 129 129 128 126 125 125 123 122 122 121 123 123 122 123 124]
 [128 129 129 129 129 127 124 125 123 123 121 120 122 121 120 122 124]
 [129 130 130 130 129 127 126 124 124 123 122 121 122 121 118 117 119]
 [127 130 129 130 130 129 126 125 123 124 122 122 123 121 118 117 116]
 [128 131 131 130 130 128 127 128 127 123 121 122 122 118 116 115 117]
 [127 131 129 133 131 130 127 129 127 124 123 119 118 117 115 114 115]
 [127 129 130 132 132 130 128 128 128 127 125 121 120 116 116 111 111]
 [128 132 130 132 132 131 129 128 127 125 125 122 121 117 117 110 112]
 [129 132 131 132 132 134 131 130 127 125 126 120 117 114 113 113 111]
 [128 130 131 131 131 132 130 131 128 125 123 118 117 116 115 111 112]
 [116 130 131 132 133 135 132 131 129 125 123 120 116 114 112 110 111]
 [126 129 132 133 131 131 131 130 129 126 123 118 114 114 113 111 112]
 [128 130 131 130 130 131 130 130 128 127 122 115 113 113 112 112 114]
 [130 131 131 130 129 129 129 130 128 124 121 114 111 111 112 111 109]] 


